Zone-A-001_013_038 0 59 22 60 4 150 40.91
Zone-A-002_021_083 0 170 23 55 4 150 53.8
Zone-A-003_027_062 0 261 24 50 4 150 52.5
Zone-A-004_056_054 0 359 25 40 4 150 39.92
Zone-A-005_048_053 0 462 21 0 4 150 21.04
Zone-A-006_005_068 1 64 18 59 4 150 41.45
Zone-A-007_014_064 1 288 19 59 4 150 49.54
Zone-A-008_079_024 1 188 19 54 4 150 54.14
Zone-A-009_061_065 1 224 20 45 4 150 54.12
Zone-A-010_018_069 1 357 21 50 4 150 39.87
Zone-A-011_009_030 1 406 22 40 4 150 31.35
Zone-A-012_050_013 2 44 25 59 3 150 37.99
Zone-A-013_077_071 2 83 25 55 3 150 44.1
Zone-A-014_030_073 2 211 26 50 3 150 53.97
Zone-A-015_047_017 4 254 20 55 2 150 51.42
Zone-A-016_039_008 4 329 22 45 2 150 43.14
Zone-A-017_003_066 4 295 24 40 2 150 47.57
Zone-A-018_046_024 4 420 20 35 2 150 27.82
Zone-A-019_072_058 4 197 21 38 2 150 53.13
Zone-A-020_015_066 4 79 21 42 2 150 42.97
Zone-A-021_003_040 4 123 20 40 2 150 48.57
Zone-A-022_021_096 28 74 13 55 2 50 35.56
Zone-A-023_144_079 28 113 14 56 2 50 39.91
Zone-A-024_060_073 28 189 13 58 2 50 44.07
Zone-A-025_107_080 28 361 14 57 2 50 30.15
Zone-A-026_108_072 31 36 19 39 4 50 29.53
Zone-A-027_079_016 31 79 17 42 3 50 35.36
Zone-A-028_099_022 31 117 19 37 3 50 39.36
Zone-B-001_006_011 5 38 23 53 1 150 36.35
Zone-B-002_074_059 5 151 24 50 1 150 50.68
Zone-B-003_045_015 5 116 25 54 1 150 47.44
Zone-B-004_043_011 5 76 24 55 1 150 41.84
Zone-B-005_038_049 5 261 23 45 1 150 50.25
Zone-B-006_037_016 5 297 21 42 1 150 46.68
Zone-B-007_006_045 5 338 22 35 1 150 41.16
Zone-B-008_027_006 5 437 21 32 1 150 24.07
Zone-B-009_014_008 6 29 22 60 2 150 34.63
Zone-B-010_054_023 6 58 22 60 2 150 39.34
Zone-C-001_076_042 18 186 26 34 2 70 47.37
Zone-C-002_004_075 18 223 26 32 2 70 47.12
Zone-C-003_022_055 18 268 26 34 2 70 44.52
Zone-C-004_042_035 18 400 26 33 2 150 26.59
Zone-D-001_054_023 15 288 25 38 3 150 44.53
Zone-D-002_022_055 15 331 25 38 3 150 39.25
Zone-D-003_067_044 15 372 25 37 3 150 33.0
Zone-D-004_084_046 15 117 25 38 3 70 44.76
Zone-D-005_019_019 16 78 20 54 1 150 39.55
Zone-D-006_008_039 16 42 20 52 1 150 34.24
Zone-D-007_073_003 16 260 22 53 1 150 46.66
Zone-D-008_040_062 16 163 20 52 1 150 47.85
Zone-D-009_000_042 16 204 25 50 1 150 48.87
Zone-D-010_019_008 16 294 26 49 1 150 43.53
Zone-D-011_054_003 16 422 22 45 1 150 24.01
Zone-D-012_031_073 16 382 20 42 1 150 31.02
Zone-D-013_072_061 17 171 21 41 2 150 47.87
Zone-D-014_042_055 17 31 21 40 2 150 32.25
Zone-D-015_046_058 17 104 22 41 2 150 42.55
Zone-D-016_072_075 17 209 24 30 2 150 48.47
Zone-D-017_001_031 17 316 24 30 2 150 40.54
Zone-D-018_012_005 17 368 25 32 2 150 32.99
Zone-D-019_047_008 17 410 24 31 2 150 25.85
Zone-D-020_056_039 18 55 20 57 2 150 35.78
Zone-D-021_072_024 18 97 21 57 2 150 41.45
Zone-D-022_048_023 18 144 22 58 2 150 46.01
Zone-D-023_014_055 18 254 23 56 2 150 46.35
Zone-D-024_036_053 18 295 24 48 2 150 42.7
Zone-D-025_010_036 18 433 25 43 2 150 21.4
Zone-D-026_007_054 18 349 26 42 2 150 35.63
Zone-D-027_076_074 18 385 24 41 2 150 29.89
Zone-D-028_023_055 19 3 20 62 3 150 27.09
Zone-D-029_073_074 19 41 21 59 3 150 33.38
Zone-D-030_023_079 19 99 23 55 3 70 41.37
Zone-D-031_041_101 26 189 12 45 2 50 45.07
Zone-D-032_029_123 26 247 12 46 2 50 43.77
Zone-D-033_068_118 27 81 13 42 2 50 36.83
Zone-D-034_060_078 27 115 13 42 2 50 40.58
Zone-D-035_004_077 27 149 13 45 2 50 43.25
Zone-D-036_055_088 27 297 13 46 2 50 39.26
Zone-D-037_056_091 27 255 13 43 2 50 42.93
Zone-D-038_042_022 27 339 14 42 2 50 34.06
Zone-D-039_020_080 128 60 5 51 4 80 32.05
Zone-D-040_059_030 128 120 6 50 4 80 36.18
Zone-D-041_036_033 128 180 7 48 4 80 36.7
Zone-D-042_058_041 128 240 7 48 4 80 33.52
Zone-E-001_038_037 15 116 20 41 3 150 42.67
Zone-E-002_016_079 15 218 25 30 3 150 46.24
Zone-E-003_024_012 17 101 21 49 3 150 40.55
Zone-F-001_037_030 17 179 24 42 3 150 45.71
Zone-F-002_089_024 17 277 24 32 1 150 42.05
Zone-F-003_065_029 17 346 26 30 1 150 33.84
Zone-F-004_053_022 18 147 20 47 3 150 44.07
Zone-F-005_036_052 18 252 23 40 3 150 43.68
Zone-G-001_045_006 20 131 17 63 2 150 42.61
Zone-G-002_062_018 38 180 18 32 1 150 38.44
Zone-G-003_066_021 38 118 18 35 1 150 35.5
Zone-H-001_007_016 19 234 24 50 2 150 47.04
Zone-H-002_043_082 19 357 25 49 2 150 33.97
Zone-H-003_049_071 19 269 26 48 2 150 44.8
Zone-H-004_001_008 19 308 26 48 2 150 40.77
Zone-I-001_020_002 19 208 23 44 4 150 44.94
Zone-I-002_079_038 19 39 14 69 3 150 32.3
Zone-I-003_029_010 19 87 16 62 2 150 38.57
Zone-J-001_029_045 21 271 24 28 3 150 43.27
Zone-J-002_023_039 21 386 21 32 4 150 25.99
Zone-J-003_015_041 21 132 21 35 5 150 42.51
Zone-J-004_045_025 21 132 21 35 5 150 42.51
Zone-J-005_070_041 22 379 20 36 4 150 26.81
Zone-J-006_056_015 22 285 19 41 2 150 39.38
Zone-J-007_011_030 22 144 14 61 5 150 42.93
Zone-J-008_060_042 37 151 17 25 1 150 38.28
Zone-J-009_073_029 37 208 20 17 1 150 38.92
Zone-J-010_085_006 37 368 19 17 1 150 24.12
Zone-J-011_028_011 37 310 19 16 1 150 31.69
Zone-K-001_030_029 23 49 18 40 4 150 33.79
Zone-K-002_007_000 23 109 19 35 4 150 40.88
Zone-K-003_039_006 23 165 19 31 2 150 44.48
Zone-K-004_009_050 23 300 22 25 4 150 38.3
Zone-K-005_003_059 25 232 23 38 2 150 43.22
Zone-K-006_080_014 25 369 22 40 1 150 29.26
Zone-K-007_032_002 25 296 21 39 3 150 38.11
Zone-K-008_009_033 26 122 17 48 1 150 41.03
Zone-K-009_025_050 26 189 18 44 1 150 43.83
Zone-K-010_063_069 26 289 23 42 1 150 38.46
Zone-K-011_062_052 27 86 23 25 2 150 37.31
Zone-K-012_005_054 27 207 24 38 2 150 43.34
Zone-K-013_021_050 27 207 24 38 2 150 43.34
Zone-K-014_000_059 27 207 24 38 2 150 43.34
Zone-K-015_024_057 27 280 26 26 2 150 39.02
Zone-K-016_011_009 27 350 27 21 2 150 30.38
Zone-K-017_003_005 27 406 26 21 2 150 21.44
Zone-K-018_028_030 27 406 26 21 2 150 21.43
Zone-L-001_020_080 28 406 23 25 1 150 21.26
Zone-L-002_021_036 28 357 22 27 1 150 29.1
Zone-L-003_046_025 28 113 18 49 1 150 39.36
Zone-L-004_006_061 28 164 20 43 1 150 42.46
Zone-L-005_037_053 28 164 20 43 1 150 42.46
Zone-L-006_010_048 29 115 17 45 5 150 39.2
Zone-L-007_000_028 29 115 17 45 5 150 39.2
Zone-L-008_031_046 34 366 24 22 4 150 25.96
Zone-L-009_052_022 35 351 26 33 1 150 27.9
Zone-L-010_032_014 35 128 14 68 1 150 38.3
Zone-L-011_023_004 35 304 22 38 1 150 33.89
Zone-L-012_007_072 35 263 25 34 1 150 37.74
Zone-L-013_016_010 36 126 22 47 1 150 37.9
Zone-L-014_012_035 36 178 24 21 1 150 40.09
Zone-L-015_008_090 36 229 26 30 1 150 39.38
Zone-L-016_050_028 36 371 24 25 1 150 24.58
Zone-M-001_098_070 20 105 22 56 2 70 42.71
Zone-M-002_051_072 20 139 23 55 2 70 45.63
Zone-N-001_146_069 24 171 16 42 1 70 43.78
Zone-N-002_066_053 24 231 16 41 1 70 43.29
Zone-N-003_044_048 24 296 16 43 1 70 38.25
Zone-N-004_061_034 24 296 16 43 1 70 38.25
Zone-N-005_174_104 24 339 16 42 1 70 32.9
Zone-O-001_019_036 41 271 19 43 3 150 37.51
Zone-O-002_005_057 41 271 19 43 3 150 37.51
Zone-O-003_008_004 41 323 18 44 3 150 32.24
Zone-O-004_019_033 41 379 18 46 4 150 24.43
Zone-O-005_052_045 41 161 20 57 5 150 39.7
Zone-O-006_040_036 41 201 19 55 5 150 40.46
Zone-O-007_035_047 43 325 16 32 1 150 31.46
Zone-O-008_043_008 43 36 12 49 1 150 26.86
Zone-O-009_032_041 43 227 16 28 1 150 39.38
Zone-O-010_010_006 43 91 14 38 1 150 33.82
Zone-O-011_045_063 43 131 15 25 1 150 37.42
Zone-O-012_013_037 44 20 10 42 3 150 24.26
Zone-O-013_039_021 44 63 10 46 2 150 30.28
Zone-O-014_064_040 44 129 13 38 1 150 36.99
Zone-O-015_055_048 44 170 14 37 1 150 39.13
Zone-O-016_029_055 44 236 17 32 5 150 38.99
Zone-O-017_070_026 44 309 20 26 3 150 33.07
Zone-O-018_021_034 46 70 17 71 2 150 30.62
Zone-O-019_027_023 46 118 18 55 3 150 35.56
Zone-O-020_034_057 46 170 21 55 1 150 38.55
Zone-O-021_059_057 46 224 18 34 3 150 38.6
Zone-O-022_049_007 46 283 20 58 1 150 35.13
Zone-O-023_032_010 46 323 21 56 1 150 30.97
Zone-O-024_042_048 47 114 17 48 1 150 34.97
Zone-O-025_017_037 47 146 16 52 1 150 37.23
Zone-O-026_000_021 47 183 16 45 1 150 38.57
Zone-O-027_068_062 48 49 13 42 1 150 27.46
Zone-O-028_006_057 48 90 13 38 1 150 32.39
Zone-O-029_027_055 48 128 14 35 1 150 35.8
Zone-O-030_014_022 48 165 14 35 1 150 37.82
Zone-O-031_017_037 48 204 14 31 1 150 38.39
Zone-O-032_051_009 48 242 15 30 1 150 37.36
Zone-O-033_069_017 48 284 15 28 1 150 34.51
Zone-O-034_064_004 48 330 14 26 1 150 29.64
Zone-O-035_048_028 49 31 11 63 1 150 24.74
Zone-O-036_066_060 49 73 12 58 1 150 30.26
Zone-O-037_010_052 49 115 13 48 1 150 34.53
Zone-O-038_044_072 49 155 15 38 1 150 37.16
Zone-O-039_031_036 49 203 15 35 1 150 38.13
Zone-O-040_018_052 49 244 15 36 1 150 36.99
Zone-O-041_019_051 49 285 15 35 1 150 34.17
Zone-O-042_048_056 49 320 14 33 1 150 30.58
Zone-O-043_043_072 50 34 10 65 1 150 24.94
Zone-O-044_052_033 50 80 12 55 1 150 30.83
Zone-O-045_051_010 50 177 15 51 1 150 37.68
Zone-O-046_037_050 50 221 16 43 1 150 37.64
Zone-O-047_066_051 50 262 17 42 1 150 35.76
Zone-O-048_008_018 50 353 17 39 1 150 26.25
Zone-O-049_041_027 51 30 13 63 1 150 24.15
Zone-O-050_032_005 51 70 13 60 1 150 29.42
Zone-O-051_011_048 51 120 14 57 1 150 34.43
Zone-O-052_048_048 51 163 16 48 1 150 36.96
Zone-O-053_090_047 86 60 2 48 2 80 28.82
Zone-O-054_020_055 86 105 2 48 2 80 31.35
Zone-O-055_078_032 86 150 3 45 2 80 32.02
Zone-O-056_025_026 86 195 4 43 2 80 30.7
Zone-O-057_013_026 86 240 4 43 2 80 27.58
Zone-O-058_058_044 87 180 4 58 4 80 31.34
Zone-O-059_033_052 87 240 7 58 4 80 27.61
Zone-O-060_022_077 90 120 5 47 2 80 31.69
Zone-O-061_006_019 90 180 6 44 2 80 31.37
Zone-O-062_077_087 90 240 7 44 2 80 27.71
Zone-O-063_009_067 97 60 10 45 2 80 28.54
Zone-O-064_017_042 97 120 12 44 2 80 31.81
Zone-O-065_015_022 97 180 12 44 2 80 31.69
Zone-O-066_037_049 97 240 13 42 2 80 28.21
Zone-O-067_023_057 98 60 9 58 4 80 28.56
Zone-O-068_009_067 98 100 9 58 4 80 31.12
Zone-O-069_014_012 98 140 10 57 4 80 32.22
Zone-O-070_039_012 98 180 10 56 4 80 31.77
Zone-O-071_036_011 98 220 11 56 4 80 29.81
Zone-O-072_030_030 98 260 11 55 4 80 26.49
Zone-O-073_065_043 104 60 5 45 3 80 28.83
Zone-O-074_052_002 104 90 5 45 3 80 30.97
Zone-O-075_079_028 104 120 6 44 3 80 32.31
Zone-O-076_020_064 104 150 6 44 3 80 32.79
Zone-O-077_015_036 104 180 7 43 3 80 32.38
Zone-O-078_026_044 104 210 7 43 3 80 31.12
Zone-O-079_033_069 104 240 8 42 3 80 29.04
Zone-O-080_003_065 105 180 3 56 4 80 32.51
Zone-O-081_066_036 105 210 3 55 4 80 31.25
Zone-O-082_032_043 105 240 3 55 4 80 29.18
Zone-O-083_025_011 90 60 4 48 2 80 28.62
Zone-O-084_013_021 120 60 9 53 2 80 30.78
Zone-O-085_072_038 120 90 10 51 2 80 33.17
Zone-O-086_060_011 120 120 11 51 2 80 34.74
Zone-O-087_017_068 120 150 11 49 2 80 35.42
Zone-O-088_071_072 120 180 11 49 2 80 35.18
Zone-O-089_046_006 120 210 12 47 2 80 34.02
Zone-O-090_008_021 120 240 12 46 2 80 32.01
Zone-O-092_043_051 125 240 13 48 3 80 33.21
Zone-Q-010_007_030 53 120 17 48 2 80 37.92
Zone-Q-011_130_054 53 180 18 48 2 80 36.75
Zone-Q-012_071_106 53 240 19 46 2 80 31.97
Zone-Q-013_089_021 74 120 10 52 3 80 33.83
Zone-Q-014_091_048 74 180 11 52 3 80 33.14
Zone-Q-015_011_028 74 240 12 50 3 80 29.01
Zone-Q-017_051_092 75 120 9 42 1 80 33.83
Zone-Q-018_060_052 75 180 10 40 1 80 33.03
Zone-Q-019_084_073 75 240 11 40 1 80 28.81
Zone-Q-020_030_054 97 120 12 51 2 80 32.85
Zone-Q-021_048_076 97 180 13 50 2 80 32.82
Zone-Q-022_139_011 97 240 14 48 2 80 29.33
Zone-R-001_034_049 127 60 6 52 3 80 30.57
Zone-R-002_114_046 127 90 7 51 3 80 33.21
Zone-R-003_100_054 127 120 8 51 3 80 35.06
Zone-R-004_011_031 127 150 9 48 3 80 36.03
Zone-R-005_091_047 127 180 9 48 3 80 36.08
Zone-R-006_044_123 127 210 10 46 3 80 35.2
Zone-R-007_088_074 127 240 10 46 3 80 33.43
